10006
10007
10009
10010
10011
10013
10015
10017
10021
10022
10023
10024
10025
10026
10027
10028
10029
10033
10035
10040
10041
10042
10043
10044
10045
10046
10047
10048
10051
10054
10055
10056
10057
10059
10062
10065
10067
10070
10072
10074
10075
10076
10077
10078
10082
10083
10085
10086
10087
10088
10089
10090
10091
10092
10093
10094
10096
10097
10098
10099
10100
10103
10104
10106
10107
10109
10110
10115
10117
10119
10120
10121
10123
10124
10125
10126
10128
10129
10131
10132
10135
10136
10137
10139
10140
10141
10142
10143
10144
10145
10146
10147
10148
10150
10152
10153
10154
10155
10156
10157
10158
10160
10161
10162
10163
10164
10166
10167
10169
10171
10176
10178
10180
10182
10183
10184
10185
10186
10188
10189
10191
10192
10193
10194
10195
10198
10199
10200
10202
10204
10205
10206
10210
10211
10212
10215
10218
10221
10224
10225
10226
10228
10229
10230
10233
10234
10235
10236
10239
10240
10241
10242
10243
10246
10247
10248
10249
10251
10253
10255
10256
10260
10264
10265
10266
10267
10268
10269
10270
10272
10273
10274
10275
10276
10278
10279
10282
10284
10286
10287
10289
10291
10292
10293
10294
10297
10298
10299
10300
10302
10303
10304
10307
10309
10311
10313
10316
10320
10322
10326
10327
10329
10331
10332
10333
10334
10335
10336
10337
10338
10339
10340
10342
10343
10344
10345
10347
10349
10353
10354
10356
10357
10358
10359
10360
10362
10363
10365
10366
10367
10368
10371
10373
10374
10377
10378
10379
10381
10382
10383
10384
10386
10387
10388
10390
10393
10394
10395
10397
10399
10400
10401
10402
10403
10406
10407
10408
10410
10411
10412
10413
10414
10417
10418
10419
10420
10423
10425
10427
10429
10430
10431
10433
10434
10435
10437
10438
10439
10441
10442
10443
10444
10445
10446
10447
10448
10449
10451
10452
10453
10455
10456
10458
10459
10463
10464
10465
10466
10467
10468
10469
10470
10471
10472
10474
10479
10480
10483
10484
10485
10486
10489
10490
10493
10495
10496
10498
10501
10503
10505
10506
10511
10512
10513
10517
10518
10520
10521
10522
10525
10526
10527
10529
10530
10534
10535
10536
10537
10539
10540
10541
10543
10544
10546
10549
10551
10553
10554
10558
10563
10565
10567
10569
10570
10572
10573
10574
10576
10577
10578
10579
10580
10581
10582
10584
10586
10587
10588
10589
10590
10592
10594
10595
10596
10597
10601
10602
10604
10605
10607
10608
10609
10611
10613
10614
10615
10616
10617
10618
10619
10620
10621
10622
10623
10624
10625
10626
10628
10629
10630
10632
10634
10636
10637
10639
10640
10641
10642
10644
10645
10648
10649
10650
10651
10652
10655
10656
10658
10660
10661
10662
10663
10664
10665
10667
10668
10669
10671
10672
10673
10676
10678
10679
10680
10681
10682
10683
10684
10685
10686
10688
10689
10690
10691
10693
10695
10696
10698
10699
10700
10701
10702
10703
10704
10705
10706
10707
10708
10709
10711
10713
10714
10716
10717
10718
10719
10720
10721
10722
10723
10724
10725
10726
10727
10730
10731
10732
10736
10737
10739
10741
10742
10743
10744
10745
10748
10749
10750
10751
10752
10754
10755
10757
10759
10760
10761
10763
10766
10767
10769
10770
10771
10772
10774
10775
10776
10777
10778
10779
10781
10782
10783
10785
10786
10789
10790
10793
10794
10796
10797
10798
10799
10800
10801
10803
10804
10805
10806
10807
10808
10809
10810
10813
10814
10819
10821
10825
10826
10827
10828
10830
10831
10832
10834
10835
10836
10838
10839
10843
10846
10847
10849
10851
10852
10853
10856
10857
10859
10860
10862
10863
10864
10865
10866
10868
10869
10871
10872
10873
10874
10876
10878
10880
10881
10883
10884
10885
10887
10888
10890
10895
10896
10897
10898
10900
10901
10904
10906
10908
10909
10910
10911
10912
10913
10914
10915
10917
10918
10919
10920
10921
10922
10925
10926
10927
10928
10929
10930
10931
10933
10935
10936
10937
10938
10941
10943
10945
10946
10947
10948
10949
10951
10952
10954
10956
10957
10959
10960
10961
10962
10964
10966
10967
10968
10969
10970
10973
10974
10975
10977
10978
10980
10981
10982
10983
10984
10985
10986
10987
10989
10990
10991
10993
10994
10996
10997
10998
10999
11000
11001
11002
11004
11005
11006
11007
11010
11012
11013
11014
11015
11016
11017
11019
11020
11022
11024
11025
11026
11027
11028
11029
11030
11031
11032
11033
11034
11037
11038
11039
11041
11042
11044
11045
11047
11048
11049
11050
11052
11053
11055
11057
11058
11059
11060
11062
11063
11064
11065
11067
11069
11070
11071
11074
11076
11078
11079
11082
11084
11085
11086
11087
11088
11089
11090
11091
11092
11093
11094
11095
11097
11099
11100
11102
11103
11106
11108
11109
11110
11111
11112
11113
11114
11117
11119
11120
11121
11122
11123
11125
11128
11129
11130
11131
11132
11133
11134
11136
11137
11139
11140
11142
11145
11146
11147
11148
11150
11151
11152
11153
11155
11157
11158
11159
11161
11162
11163
11168
11169
11170
11171
11174
11176
11177
11178
11179
11181
11183
11185
11186
11188
11189
11190
11191
11193
11194
11195
11196
11197
11198
11199
11200
11201
11202
11206
11208
11209
11210
11211
11212
11213
11215
11219
11220
11221
11222
11225
11232
11236
11237
11240
11241
11245
11247
11248
11249
11251
11252
11253
11254
11255
11256
11258
11260
11263
11266
11267
11268
11269
11270
11271
11272
11273
11275
11276
11277
11279
11280
11283
11284
11285
11286
11288
11289
11290
11291
11292
11293
11295
11296
11298
11299
11300
11301
11302
11303
11304
11305
11306
11308
11309
11311
11312
11314
11315
11316
11318
11320
11321
11322
11324
11325
11326
11327
11328
11329
11330
11331
11332
11333
11334
11335
11337
11338
11339
11340
11342
11343
11344
11348
11349
11350
11351
11352
11353
11355
11357
11358
11359
11360
11361
11362
11364
11365
11366
11368
11369
11370
11372
11373
11374
11375
11376
11377
11378
11379
11380
11381
11382
11383
11386
11390
11393
11395
11396
11397
11398
11399
11400
11402
11403
11404
11405
11406
11407
11409
11410
11411
11412
11413
11414
11415
11416
11420
11421
11422
11423
11424
11425
11426
11427
11429
11431
11433
11434
11435
11438
11441
11442
11443
11445
11446
11447
11448
11450
11451
11452
11453
11454
11456
11457
11458
11459
11461
11463
11465
11466
11467
11468
11469
11471
11473
11474
11476
11479
11480
11481
11482
11483
11485
11487
11489
11490
11491
11493
11494
11495
11496
11498
11500
11501
11502
11503
11505
11506
11507
11508
11509
11510
11511
11513
11514
11515
11516
11517
11519
11520
11526
11528
11529
11530
11531
11532
11534
11535
11536
11537
11538
11539
11541
11543
11544
11545
11547
11548
11550
11551
11552
11553
11554
11555
11557
11558
11559
11560
11562
11564
11565
11566
11568
11569
11572
11573
11574
11575
11576
11577
11578
11581
11583
11584
11585
11586
11587
11588
11589
11590
11591
11592
11593
11594
11595
11596
11599
11600
11603
11604
11605
11607
11609
11610
11611
11612
11613
11614
11615
11618
11619
11620
11621
11622
11623
11624
11625
11626
11628
11629
11630
11631
11632
11633
11634
11635
11636
11638
11639
11641
11645
11646
11650
11652
11653
11656
11658
11659
11660
11663
11664
11666
11668
11669
11670
11672
11675
11676
11677
11678
11679
11680
11683
11684
11686
11687
11690
11691
11692
11694
11696
11697
11698
11699
11702
11704
11705
11706
11707
11708
11709
11710
11711
11714
11715
11716
11717
11718
11723
11724
11728
11729
11730
11731
11733
11734
11737
11738
11740
11741
11742
11743
11744
11745
11749
11751
11752
11753
11754
11756
11758
11759
11760
11761
11764
11765
11766
11767
11769
11770
11771
11773
11775
11776
11777
11778
11779
11780
11784
11785
11786
11787
11789
11790
11791
11793
11794
11796
11797
11802
11803
11805
11806
11807
11809
11815
11816
11819
11820
11821
11822
11823
11825
11826
11827
11828
11832
11833
11834
11835
11837
11838
11839
11841
11842
11843
11844
11845
11847
11848
11849
11850
11852
11855
11857
11858
11859
11860
11862
11863
11871
11873
11875
11877
11878
11880
11881
11882
11884
11886
11887
11891
11892
11893
11894
11896
11897
11898
11901
11903
11905
11906
11907
11908
11909
11912
11914
11916
11917
11918
11921
11923
11925
11926
11928
11930
11931
11934
11935
11936
11938
11939
11940
11941
11942
11944
11945
11946
11948
11949
11950
11952
11953
11954
11955
11956
11958
11959
11960
11961
11962
11963
11964
11965
11966
11967
11968
11971
11972
11974
11976
11977
11978
11980
11981
11982
11983
11984
11986
11988
11989
11991
11992
11993
11994
11995
11996
11997
11999
12001
12002
12003
12005
12006
12007
12008
12010
12011
12014
12015
12016
12017
12019
12020
12022
12024
12025
12027
12029
12030
12031
12032
12033
12034
12037
12043
12045
12046
12047
12048
12049
12050
12053
12056
12058
12059
12061
12062
12063
12064
12065
12067
12068
12070
12071
12072
12073
12074
12075
12077
12080
12081
12082
12083
12084
12085
12088
12090
12095
12096
12097
12098
12101
12102
12104
12106
12107
12109
12110
12113
12116
12117
12118
12119
12122
12124
12125
12126
12128
12129
12130
12131
12132
12133
12134
12135
12137
12138
12139
12141
12143
12147
12149
12150
12151
12153
12155
12156
12157
12160
12161
12162
12163
12164
12167
12168
12169
12170
12171
12172
12173
12174
12176
12179
12180
12181
12182
12184
12185
12187
12188
12191
12192
12193
12195
12196
12197
12198
12199
12200
12202
12208
12210
12211
12212
12213
12214
12217
12218
12220
12221
12222
12223
12224
12225
12227
12228
12230
12232
12234
12235
12236
12237
12239
12240
12242
12243
12244
12246
12247
12249
12250
12251
12252
12255
12256
12257
12258
12259
12260
12261
12266
12267
12268
12269
12270
12272
12273
12275
12276
12279
12281
12282
12284
12285
12289
12290
12291
12292
12293
12294
12295
12296
12298
12299
12300
12301
12304
12305
12306
12307
12308
12309
12310
12311
12312
12313
12314
12315
12316
12317
12318
12322
12323
12324
12327
12329
12330
12331
12332
12334
12336
12337
12338
12339
12342
12343
12344
12346
12347
12351
12352
12353
12354
12355
12358
12359
12360
12362
12363
12364
12365
12367
12369
12373
12375
12377
12378
12379
12380
12381
12382
12384
12385
12386
12388
12389
12390
12394
12395
12396
12397
12399
12400
12401
12402
12403
12404
12407
12408
12410
12411
12412
12414
12415
12416
12417
12418
12419
12420
12422
12423
12424
12426
12427
12428
12429
12430
12431
12432
12433
12434
12435
12437
12438
12440
12441
12444
12446
12447
12448
12450
12452
12455
12456
12458
12459
12460
12461
12463
12465
12466
12468
12470
12471
12473
12476
12478
12479
12480
12481
12483
12485
12487
12490
12492
12495
12498
12499
12500
12501
12504
12505
12506
12507
12510
12513
12514
12515
12516
12520
12522
12523
12524
12525
12526
12530
12531
12532
12534
12535
12536
12537
12539
12540
12543
12544
12545
12546
12547
12548
12550
12551
12552
12554
12557
12558
12559
12560
12561
12562
12564
12565
12566
12574
12575
12576
12578
12579
12580
12582
12584
12594
12596
12597
12598
12599
12600
12601
12603
12604
12606
12607
12609
12610
12612
12613
12614
12617
12618
12619
12620
12622
12623
12624
12625
12628
12631
12633
12634
12636
12637
12638
12639
12640
12642
12643
12644
12646
12648
12649
12651
12652
12653
12654
12657
12658
12660
12661
12662
12663
12664
12665
12666
12668
12670
12671
12672
12673
12675
12676
12677
12681
12682
12685
12687
12688
12689
12693
12694
12696
12697
12698
12701
12702
12704
12705
12706
12709
12710
12711
12712
12716
12720
12722
12725
12727
12728
12729
12730
12731
12732
12733
12735
12738
12739
12740
12741
12742
12743
12745
12746
12747
12748
12749
12751
12753
12754
12755
12756
12757
12758
12761
12762
12765
12766
12767
12768
12769
12772
12773
12774
12777
12779
12780
12782
12783
12786
12788
12789
12790
12793
12796
12799
12800
12802
12803
12805
12806
12808
12810
12811
12816
12818
12819
12821
12822
12823
12827
12828
12829
12832
12833
12834
12835
12836
12837
12838
12839
12840
12841
12843
12844
12846
12848
12849
12852
12853
12854
12855
12856
12857
12860
12861
12863
12864
12867
12868
12871
12873
12874
12875
12876
12877
12879
12880
12881
12882
12884
12887
12888
12891
12892
12895
12896
12899
12900
12902
12903
12904
12905
12906
12907
12908
12909
12912
12916
12917
12918
12919
12920
12921
12923
12925
12927
12928
12929
12930
12933
12936
12938
12939
12941
12942
12943
12944
12945
12947
12948
12952
12953
12955
12956
12957
12959
12964
12965
12966
12968
12970
12971
12974
12975
12977
12978
12979
12980
12982
12985
12987
12988
12990
12992
12995
13001
13004
13005
13006
13009
13013
13015
13016
13020
13021
13022
13028
13029
13031
13034
13036
13038
13039
13042
13043
13044
13045
13047
13048
13049
13050
13051
13054
13056
13057
13059
13061
13063
13064
13065
13066
13067
13070
13071
13073
13074
13075
13078
13079
13081
13082
13083
13084
13088
13089
13090
13091
13096
13098
13100
13101
13102
13103
13104
13105
13106
13109
13111
13113
13115
13116
13118
13119
13121
13122
13124
13127
13128
13130
13131
13132
13133
13134
13138
13140
13142
13143
13144
13145
13146
13147
13150
13151
13153
13158
13160
13161
13163
13168
13170
13172
13175
13176
13177
13180
13181
13182
13183
13184
13185
13188
13191
13194
13195
13196
13197
13198
13199
13201
13202
13204
13205
13206
13207
13210
13211
13212
13214
13217
13218
13220
13222
13223
13224
13225
13226
13227
13228
13229
13230
13231
13232
13233
13234
13235
13236
13237
13240
13241
13242
13244
13245
13247
13249
13251
13252
13255
13256
13258
13259
13260
13261
13262
13263
13264
13265
13266
13269
13270
13272
13274
13276
13278
13279
13280
13281
13282
13284
13285
13287
13288
13290
13293
13295
13296
13297
13298
13299
13300
13301
13303
13306
13308
13312
13313
13314
13315
13316
13319
13320
13321
13322
13323
13324
13325
13327
13331
13333
13334
13336
13337
13339
13340
13342
13343
13344
13345
13346
13349
13353
13354
13356
13357
13358
13359
13360
13361
13363
13364
13365
13366
13367
13368
13369
13372
13373
13377
13381
13382
13383
13385
13389
13390
13392
13393
13394
13399
13400
13404
13405
13406
13409
13410
13411
13414
13415
13416
13417
13419
13422
13423
13424
13429
13433
13435
13437
13440
13441
13443
13444
13446
13448
13449
13450
13452
13455
13457
13458
13459
13461
13462
13463
13465
13466
13470
13471
13472
13474
13475
13476
13478
13480
13485
13486
13487
13489
13490
13491
13493
13494
13495
13500
13503
13504
13505
13507
13509
13510
13512
13513
13514
13515
13516
13518
13519
13520
13521
13522
13523
13527
13528
13530
13531
13532
13533
13534
13535
13537
13538
13539
13541
13544
13547
13548
13549
13551
13552
13553
13554
13556
13558
13559
13562
13563
13564
13565
13567
13568
13570
13571
13573
13574
13575
13576
13578
13579
13580
13582
13587
13588
13590
13593
13594
13596
13597
13599
13602
13603
13606
13607
13608
13609
13611
13614
13615
13616
13617
13618
13621
13624
13625
13626
13629
13630
13631
13634
13635
13636
13641
13645
13646
13648
13649
13650
13654
13655
13658
13660
13662
13663
13664
13665
13666
13669
13672
13674
13676
13677
13678
13679
13681
13682
13683
13685
13686
13687
13688
13690
13693
13696
13698
13700
13701
13703
13706
13708
13709
13710
13711
13712
13713
13714
13715
13716
13717
13718
13719
13720
13723
13725
13727
13728
13730
13731
13732
13736
13739
13740
13741
13742
13744
13745
13746
13747
13749
13750
13752
13754
13757
13759
13760
13761
13763
13764
13765
13766
13767
13768
13770
13771
13772
13777
13778
13779
13780
13781
13782
13783
13784
13785
13786
13788
13789
13791
13795
13796
13797
13799
13800
13801
13802
13806
13807
13810
13812
13813
13814
13816
13817
13818
13819
13821
13822
13823
13824
13827
13828
13830
13831
13833
13834
13835
13837
13840
13842
13843
13844
13845
13847
13849
13851
13852
13854
13856
13857
13859
13860
13861
13862
13864
13865
13866
13867
13868
13869
13870
13871
13872
13873
13874
13876
13878
13879
13881
13885
13886
13887
13888
13889
13891
13892
13893
13898
13899
13901
13903
13904
13905
13906
13907
13908
13909
13910
13911
13912
13913
13916
13917
13918
13922
13923
13924
13925
13927
13928
13929
13930
13931
13938
13939
13940
13941
13943
13944
13948
13949
13950
13951
13953
13954
13957
13959
13960
13962
13963
13966
13968
13969
13970
13971
13972
13973
13974
13975
13976
13978
13979
13980
13981
13983
13984
13987
13988
13992
13994
13995
13996
13997
13998
14000
14002
14003
14004
14005
14008
14011
14012
14013
14015
14017
14018
14019
14020
14021
14022
14025
14027
14028
14031
14032
14034
14037
14040
14041
14042
14043
14044
14046
14047
14048
14049
14051
14052
14055
14056
14058
14059
14061
14062
14064
14065
14066
14067
14068
14071
14072
14073
14074
14076
14078
14079
14080
14083
14084
14085
14087
14088
14090
14092
14093
14094
14096
14097
14098
14099
14101
14103
14104
14105
14106
14107
14112
14113
14115
14116
14119
14120
14123
14126
14128
14130
14131
14132
14133
14134
14135
14138
14139
14140
14141
14142
14143
14144
14145
14146
14149
14152
14154
14155
14157
14159
14160
14161
14162
14163
14167
14169
14170
14172
14173
14174
14176
14177
14178
14180
14181
14183
14185
14186
14187
14191
14192
14193
14195
14196
14200
14201
14203
14204
14207
14208
14209
14210
14211
14214
14216
14219
14220
14226
14227
14228
14230
14232
14235
14236
14239
14241
14242
14244
14245
14247
14248
14249
14250
14251
14253
14255
14257
14258
14259
14261
14263
14265
14266
14268
14269
14271
14273
14274
14275
14276
14277
14279
14280
14281
14283
14284
14285
14286
14289
14290
14291
14294
14295
14297
14298
14302
14307
14308
14309
14310
14311
14313
14315
14316
14317
14319
14320
14321
14323
14324
14325
14326
14327
14328
14331
14333
14334
14335
14336
14337
14340
14341
14342
14343
14345
14346
14347
14349
14352
14353
14355
14362
14363
14364
14365
14369
14370
14371
14373
14374
14376
14377
14378
14379
14380
14381
14383
14385
14386
14387
14388
14389
14391
14392
14394
14397
14399
14401
14403
14404
14405
14406
14407
14408
14409
14411
14414
14415
14418
14419
14421
14422
14424
14425
14426
14427
14429
14430
14432
14434
14436
14438
14439
14440
14442
14443
14444
14445
14449
14450
14451
14453
14455
14456
14459
14461
14463
14465
14468
14470
14472
14475
14476
14477
14478
14481
14487
14491
14492
14493
14497
14498
14500
14502
14504
14505
14506
14507
14509
14510
14514
14516
14517
14520
14521
14523
14525
14527
14532
14533
14535
14537
14538
14539
14541
14544
14545
14546
14547
14548
14551
14554
14555
14557
14559
14560
14562
14563
14564
14565
14568
14569
14571
14572
14573
14574
14577
14579
14581
14582
14583
14585
14588
14591
14594
14595
14597
14599
14603
14604
14605
14606
14607
14608
14609
14610
14612
14613
14614
14615
14616
14619
14620
14621
14623
14625
14628
14630
14633
14635
14639
14642
14643
14646
14647
14654
14656
14658
14659
14660
14664
14666
14668
14670
14671
14674
14675
14676
14677
14679
14680
14681
14682
14683
14685
14686
14687
14688
14689
14690
14693
14697
14698
14699
14701
14703
14704
14705
14706
14708
14710
14711
14713
14714
14717
14718
14721
14723
14725
14726
14730
14731
14733
14734
14735
14736
14738
14740
14742
14744
14746
14747
14750
14751
14752
14755
14757
14759
14760
14763
14764
14766
14768
14771
14772
14773
14776
14777
14778
14779
14780
14781
14782
14784
14786
14787
14789
14792
14793
14795
14798
14799
14800
14801
14803
14806
14809
14812
14813
14814
14815
14817
14818
14819
14821
14822
14823
14826
14827
14829
14830
14832
14835
14836
14837
14838
14842
14845
14847
14849
14850
14852
14854
14855
14857
14859
14861
14862
14863
14865
14866
14871
14877
14878
14879
14882
14884
14885
14886
14887
14888
14893
14896
14897
14899
14902
14903
14904
14905
14906
14909
14910
14911
14912
14913
14914
14915
14916
14917
14922
14923
14924
14926
14927
14929
14930
14931
14933
14937
14939
14940
14941
14942
14944
14946
14947
14948
14950
14952
14953
14958
14960
14963
14964
14965
14966
14969
14970
14971
14972
14985
14987
14988
14989
14992
14993
14996
14997
14998
