4764
2028
4090
620
2390
350
2865
966
740
6647
7499
7244
7368
5675
4172
8427
7617
9348
5862
3639
364
7929
2706
9084
4398
7767
3772
8726
6533
3666
9634
4111
1960
5574
2400
287
2685
6093
4750
2305
6318
1853
9241
2202
3275
199
6018
3006
6298
8475
9161
1431
1059
1318
2262
4232
8568
1147
9806
69
9954
5040
6841
457
8198
3479
6947
1471
2158
5641
7754
845
6950
3276
6409
6621
7371
9178
5684
9605
7102
1423
6042
1230
8366
1726
216
8419
2574
3358
3286
4671
2269
7203
6723
7860
9515
7729
8797
2556
8106
9984
4872
4920
4582
7652
1202
9960
3678
7269
2501
8794
3855
6106
2163
7411
5082
8236
3135
5000
870
6572
6186
4169
6596
3180
4574
3560
9130
782
8713
7939
9967
6520
480
2370
8346
2113
9938
489
9759
7749
1183
7172
7720
6164
9862
5212
7644
7493
6064
6300
3103
8800
1289
8918
2532
669
6628
4131
8356
2058
2788
9314
1596
1847
7325
6321
6035
8192
9163
7115
8935
3801
6885
5490
4901
8178
5718
1443
2739
2203
4098
4112
1198
902
4968
1847
2362
8442
5652
8317
577
7708
7283
375
7065
9558
1048
2697
7913
5733
1489
2728
8765
6006
7378
8036
1603
210
4568
3307
4733
2280
1444
3127
3762
3596
9197
7135
23
6061
5449
1042
8979
7895
5766
3184
8511
4856
1343
950
5096
4886
3008
6763
5759
3012
2522
3262
8071
2772
1436
1143
6303
2242
9242
8030
9936
8056
1642
6701
965
4926
4291
3687
8930
5342
1483
1086
1525
7982
4053
3063
7480
3082
7130
786
7759
9436
8393
7916
2021
5903
5831
8590
575
4407
5453
3971
9715
495
9603
9777
5242
7128
949
8125
3059
8590
3834
3275
9568
8311
7025
6395
4542
3223
2267
7780
8987
5102
9885
9446
2464
9035
2725
5196
3471
6363
8636
4639
9594
6626
6480
1234
6228
2334
2936
3461
4714
4638
5558
460
3602
9781
3687
5578
4023
3090
8577
9335
7273
8993
1687
6221
2192
6023
8658
7890
2542
3003
479
8820
824
606
6691
2838
8129
2150
6078
9980
4035
778
4479
1407
4324
3004
8794
2869
1808
5765
9174
6350
2423
2666
9544
520
5684
878
5545
2652
5896
2003
785
7181
8512
3870
1825
4708
6163
9250
1986
1300
9044
7649
6323
2470
3184
3991
910
2960
3131
7253
9603
3139
8752
9899
1931
3832
8513
2433
6780
5738
3098
6765
993
1254
1046
6303
9598
19
8292
6927
1582
1665
9511
9725
979
1556
9340
5697
8857
6136
5293
8893
7182
2079
8430
8413
1781
6843
295
716
7796
7130
2601
1754
26
4596
1300
709
913
6967
5813
2083
9225
4313
3369
1425
1894
3714
9609
4810
6841
5234
9019
508
3807
3970
774
8702
1020
9353
4855
5939
378
7517
34
8512
8979
170
5150
1504
6370
4237
1041
883
9646
3804
7866
4574
5006
1401
1017
5882
4213
3323
811
2178
8891
1453
1554
1445
4197
1111
8227
5723
7743
8816
6782
1165
4317
4029
4494
9003
9720
5139
7572
9092
3063
3671
8240
4041
5592
8815
4432
7642
8743
6646
1856
4697
5870
3565
4446
3317
7658
8810
965
262
9883
4804
6447
351
261
3877
6904
6438
1039
4658
439
9017
5989
3977
8752
1446
9437
9863
5573
7582
7941
7679
1142
5786
795
8272
3006
3645
7930
4016
2463
8500
5675
2507
1879
4010
1493
5804
4338
8138
6136
8578
7588
8709
2563
2747
4387
1132
9394
8478
2031
1595
5732
1610
2754
6818
4634
3710
1101
9797
5071
7522
8451
1994
5576
6670
4956
2332
7232
4747
6031
5440
563
3186
2109
3771
3592
9762
7495
756
1419
5912
7253
7923
7265
7463
9076
3989
2178
7937
7868
3421
1955
9463
4081
5875
7018
339
7639
5190
234
7603
1230
7950
2286
676
506
8556
9145
8787
4275
8165
7322
70
7094
8006
8564
5300
8464
1540
8469
7861
6828
6311
8198
7872
2189
9310
2818
2988
9086
9224
1138
463
6290
1050
4420
7140
2054
6377
6309
3860
8997
212
3041
5832
7389
9609
2151
8624
9414
2486
518
1205
5919
74
9920
8550
2884
1859
59
6177
361
3262
9606
5857
7862
1418
4993
8337
4240
4894
1558
1943
9514
8766
4948
2410
1556
7476
4851
2319
5320
2613
7001
7348
9105
2217
4134
6438
8833
4582
3840
3402
2205
2117
6850
4595
8905
3968
6000
8081
4084
1779
9669
4655
8001
9441
640
5108
5304
3104
716
6277
8406
8021
2199
571
3689
4270
3930
1972
5993
4930
8650
9884
2597
1722
4351
6976
2765
8469
3661
5033
7638
7783
5235
1246
7960
2799
944
4471
3431
7198
5842
3364
8904
6428
2547
4739
945
6106
2209
3981
8826
9275
633
9691
1573
5575
9183
7499
4419
5661
3594
4052
1595
604
9162
8722
1674
4663
6726
3795
7722
6931
3751
4042
8624
6791
3148
6905
8034
1838
9639
5501
9563
3365
7679
7417
2110
2765
7365
7189
7707
567
5015
1978
3401
6539
4633
8005
7934
7523
6657
8261
8173
752
2643
7015
3900
2966
753
1463
3848
3363
7461
1161
7156
5839
8549
2846
9165
42
4793
8404
1004
4679
9702
9844
6473
9486
6403
3774
3848
4735
6227
2916
4603
3275
5993
8800
7162
6817
573
4655
7502
5152
6419
1525
6263
1299
3763
9843
4387
6838
3735
712
588
9756
3631
3185
8144
1108
2606
6105
1200
7151
8029
5380
4836
6163
6969
4223
593
3072
821
3386
953
9112
8672
1564
8464
4831
1826
3220
2711
8904
978
2083
2346
5784
74
945
4382
8545
9090
4964
2928
2181
7647
5472
6437
1242
8861
5174
8735
8910
6643
2321
2831
7374
1743
848
9646
3335
5773
6801
8268
2400
1613
9983
719
4481
7973
177
7472
2480
6324
4823
6743
7100
4806
957
5763
5791
494
9161
4684
8669
9919
8066
8562
8047
4211
5687
6149
8512
616
6225
3313
8529
5813
2283
9887
5116
5425
7727
9703
438
3046
2643
5572
781
9890
293
1877
652
9267
6054
3847
3927
903
3902
8924
149
8129
7535
5397
1261
9664
6764
7275
3253
685
8588
8845
5462
988
1976
1931
3222
6774
1425
2973
7839
1512
9491
4532
1459
2881
502
7298
7251
3973
4675
1771
7727
170
8248
8733
4722
4224
6166
8303
5580
8664
568
8503
1495
2512
7991
129
1868
2471
6409
7337
3061
1339
7906
8269
1979
839
7053
8858
3537
457
8538
1780
7501
210
2019
8332
1135
3411
2702
8762
8267
7175
8147
7749
7009
5337
8161
7651
8465
3498
9548
7523
7641
7129
4235
9155
7341
1394
5477
8916
2195
6475
1572
5326
1227
2103
9965
4032
6567
7614
2112
106
6249
9189
8979
5110
7923
5513
132
3831
1877
6369
3743
8552
9690
3453
4155
2014
2958
6535
7228
6604
2208
5887
8106
4377
7346
7303
8195
4254
2583
8501
4046
2575
4790
8472
1854
3830
5754
6028
5509
2784
249
1396
9585
9770
2617
6704
2106
9230
3291
7952
6437
89
6676
333
9112
1392
8164
7611
7818
2922
6647
8616
5852
9474
4560
5255
8021
7826
3196
2935
8713
1568
2760
7531
3873
4700
9748
4774
7584
5095
8406
2717
887
486
847
4219
9880
9046
1686
6871
1968
4476
2227
1032
2701
9804
7874
7284
1476
1925
2681
3955
3209
3767
9238
8847
9819
5456
7363
5286
2106
8319
3009
4943
5761
1264
6064
3602
5883
2955
622
2724
5089
6480
4626
4885
6417
7523
7719
9887
9565
4718
894
5331
7360
380
8006
7447
4993
2820
1463
3062
5995
6805
4492
9638
7606
2183
779
1463
4101
500
3314
5381
8082
4622
7624
5036
8071
455
7120
6885
4684
612
809
2515
5494
8692
6819
1141
5042
8553
3873
364
830
8925
5774
639
8408
5085
5003
9190
1343
3677
4189
8317
2453
9119
395
9232
2168
5512
2560
2322
2321
2933
5826
9961
545
1777
459
8112
7639
5047
5241
6990
4560
1304
8650
4222
8329
8358
1427
5026
6039
8519
5661
5931
188
9071
823
8505
9698
4943
9270
3806
3922
5992
3753
2158
4783
9764
886
5834
9789
5894
7657
191
9360
5357
9304
2210
7318
4078
6593
6555
1505
3938
2927
4870
9342
7099
607
3141
1382
3374
2975
424
5482
2797
5646
9597
1933
8877
4792
1508
8759
3669
6461
9509
6660
8137
2064
6771
9409
7693
121
6713
8777
7221
9406
3724
4696
3575
8158
8542
2526
7248
8826
9321
7321
9903
855
5055
9828
9463
6945
6636
1301
443
1246
6936
4906
7232
2060
6873
3719
9537
8698
8397
5850
8776
6712
6412
4233
6124
1396
9765
4323
163
3085
134
3667
6683
4744
9173
7662
5156
5668
9652
1848
469
7117
2863
7746
888
2782
6727
6498
6443
1106
3674
2974
2877
9780
1817
6469
878
2648
4627
3845
9798
4048
1415
310
4527
6104
2357
2683
6096
4003
4308
8552
5958
5758
5244
8742
5062
9988
3400
1713
4088
2039
4965
8424
6115
8228
3632
1857
2948
6925
7689
129
4438
4593
2003
4561
3059
4425
1648
7454
8692
6127
2515
9297
9522
3291
65
7867
6321
7937
726
4609
6345
672
7881
5773
6874
9952
9337
9081
742
8190
7358
2785
8965
1645
650
881
8522
8441
7748
750
6593
8548
7583
6627
8213
4872
5686
4942
1403
5409
3083
6929
8609
8029
3630
3755
6801
1006
1767
3574
5672
856
1613
9507
8868
4153
7232
2497
3040
6932
9722
7777
9530
7376
9411
5116
9024
3325
373
9794
1235
3685
1807
2999
1551
288
3000
6738
195
405
5183
642
6059
5815
1397
6597
6414
7022
9903
7809
8211
3319
9898
7201
8402
1007
5597
8196
9750
46
6317
8980
6345
925
7815
1783
8130
3319
8387
3072
2963
599
3377
1438
8697
5868
4211
1325
5914
5871
7857
5018
1491
6314
2521
174
9530
3593
3860
3882
8137
3267
1957
9469
5524
4571
4902
144
9524
2613
3281
429
3195
9935
6524
9863
6259
1671
7772
3185
4396
2330
936
2683
5920
2975
6852
8913
7680
2060
2467
8832
8530
6057
3568
2861
179
2617
9671
5568
129
2569
9519
1203
9585
7025
3264
2848
5800
1150
2902
4812
3137
6096
6126
4229
4224
9433
548
7653
4386
382
3318
4116
9612
4122
9869
4257
5596
6600
6846
999
48
4061
5404
6189
8374
1321
1240
5942
1225
7012
5459
4921
6910
625
3236
4737
949
5451
1854
4733
5489
6615
2466
8945
7211
3593
4502
2995
9805
5365
8087
9406
8491
7731
2120
3493
1881
5521
6129
815
4775
8272
7292
5841
3120
4111
233
8711
5907
4483
9795
8291
6805
800
3013
892
8891
7693
5410
4618
5980
9091
340
3028
5885
3119
4662
8818
5826
5747
684
6260
5858
4839
3152
1618
906
5679
7198
1442
5870
1990
9186
6617
7137
2305
1108
866
2257
4576
9546
4764
5416
4815
6039
7482
4282
97
1653
4131
2557
9765
4963
6825
3065
1601
5900
6255
9157
235
7367
2613
9831
7959
2886
4412
952
2553
4587
6927
317
8909
401
6896
3123
2728
2005
7010
8644
6480
9916
6087
1786
4051
4447
4032
6090
5193
4903
4745
6233
6387
6833
1697
8497
5389
9384
7100
477
6888
7034
1956
7439
9234
5601
1499
1625
7074
1880
6013
3055
9343
3628
4433
3040
9862
7808
5085
1817
5765
3504
5340
3732
6930
6378
3624
3103
66
5145
975
8241
7649
6701
1796
6969
5000
9827
9323
3163
1365
8634
4698
9144
7260
2355
206
5486
4640
1890
3599
6111
1412
602
6381
8442
3773
3913
1447
3206
4963
6194
2565
7572
4305
5184
7530
1238
3291
790
8364
933
1868
4769
5375
6398
8261
7403
8244
3442
8558
2729
1147
5434
6788
404
1433
673
9703
12
3046
3708
9640
1583
7390
4103
5420
1595
292
6008
2713
4714
6403
8011
1435
6500
7346
851
5379
2315
3455
5201
8741
5070
1097
5218
2881
9945
6100
7404
9522
4297
6849
2561
6376
8567
7410
8438
186
2957
402
6809
7763
8869
5046
1856
1800
4558
3813
2290
9840
8062
789
7936
8164
9118
7367
816
307
9248
1206
6169
2031
801
5708
488
8683
6262
5432
265
1060
4273
2352
2708
2088
2238
3284
7979
7792
725
5513
1038
6148
6538
1024
5197
3930
300
8823
6687
2693
4188
1430
1160
2178
9888
6326
4217
9890
8621
7484
6031
4654
755
9667
7381
2196
7964
5506
2793
5868
9824
6995
5288
7230
5103
1952
8352
8093
2158
5831
909
94
1827
3473
161
9079
2989
9906
6084
7867
3715
2497
5081
187
3366
5942
8141
1815
1995
4894
7163
49
3257
3709
4136
6650
1976
4022
2619
6487
720
5529
5005
1713
4182
2633
5966
8594
9713
4989
9874
9603
4194
5373
3213
6219
9508
2449
2335
9951
4717
4673
1039
2328
5939
7177
4621
1847
9799
908
8286
6879
250
7056
8610
5779
4895
3470
6515
6505
212
3202
7426
4531
7414
5239
6942
75
5974
9203
4293
3980
9340
8697
1184
5293
7663
5547
6875
2762
9225
2977
9495
8571
2524
6021
1258
6226
734
2602
8219
6355
1613
271
4831
810
6473
5862
1514
566
2393
222
6354
9402
7327
9785
8281
8161
7181
6782
6652
1576
9290
1455
4997
2521
4278
2194
7344
221
2192
7216
1320
256
1879
1713
7025
7923
4568
2591
2721
6427
6003
5453
7581
1161
1316
1362
9958
1859
2153
5374
2205
7743
6876
6368
7003
7942
7884
39
3920
7034
643
3911
2116
8936
2122
4895
249
7177
9895
4486
4128
9808
854
2989
1429
6425
3768
4184
9018
9525
5374
9787
9990
3652
6179
8209
1500
2914
2204
6879
1835
7756
1060
9354
2940
6971
4406
7971
5628
4045
7292
2063
1652
71
4112
9635
3697
7650
7294
5746
5332
9300
2445
9474
1584
3364
5946
6145
6798
3114
4263
2459
2982
8175
9397
8379
6648
2414
3972
3279
6260
1018
2360
4939
2800
5659
1205
4314
8862
348
7611
5609
7758
8667
3287
1416
7146
2582
8425
9660
6222
7787
3537
8446
9582
248
6166
51
7506
2676
611
7083
2410
5309
2776
9579
3415
9860
813
7703
1147
1454
5286
4976
5038
5480
968
48
3775
6735
7956
9153
4620
204
7213
4188
6955
664
644
5982
7231
8864
2335
5533
627
3508
4666
7456
6117
4590
7792
7550
5989
8571
8341
926
2551
8780
372
6914
6217
9312
7134
287
618
6129
3707
7905
6110
4601
7138
3222
9273
9910
6088
1622
3040
6951
2371
7310
7839
7228
9960
8308
8974
7220
4444
6792
6485
8314
5229
1282
8681
4593
1430
8461
110
3129
6064
8671
8783
98
6117
3014
3344
5031
2918
6198
4542
4703
8471
1043
568
7684
2090
7396
3654
9161
3143
7084
6507
1858
7110
7423
6059
3354
1178
2731
8165
9973
5855
18
6615
6042
7291
4430
6380
6690
5423
2611
7992
8467
9118
3773
2423
6951
3846
7564
1408
9399
8254
3490
6351
6963
7255
8339
8799
8254
2444
3070
9768
3257
4533
8211
3135
4680
7428
4477
5090
1537
3001
3491
5245
1066
4049
6956
3886
751
9546
1879
4920
4600
5120
9488
2930
6866
4395
7398
8115
465
5274
4328
2006
153
8884
1866
7194
643
492
7659
6816
8049
3065
6358
8970
6575
6511
9638
6235
7136
3250
608
684
319
6539
5004
8837
3163
8704
9084
1389
5032
5619
9141
4806
2068
7621
1285
2029
9257
9605
9687
7646
497
2494
657
6907
6960
4158
9349
7240
314
908
7236
7711
9090
3166
3802
1522
4575
5250
8162
5953
2625
1494
9359
9965
1167
2691
590
481
8753
522
7094
4579
2537
3817
3865
5142
2476
2304
57
9909
9567
32
664
244
4547
8407
6378
5711
1281
9196
4231
2433
786
258
9703
2453
8130
6589
707
15
66
8902
5634
9839
1021
6883
7355
9248
7419
307
389
5731
939
7498
8961
276
8828
6895
5655
3380
6746
799
8258
4171
8884
6078
412
2894
9119
4593
7651
7632
565
3226
4025
5029
1785
8914
4494
2860
7965
3610
7602
1478
8959
4350
2186
1914
827
3143
9598
3246
8542
6908
5557
5299
1204
1794
507
8464
8949
9828
8923
1319
9629
4690
338
8332
6379
9819
5281
7305
7279
3087
1622
289
8728
1642
6606
9157
7120
7171
7557
4914
2538
3385
3474
5516
3147
2540
1834
4780
8806
3200
2280
3003
1082
7445
1947
7654
156
7301
7939
2198
1937
1819
7226
4219
8422
3047
5566
7741
1578
7053
9528
9096
693
6912
3716
7576
2701
8156
8241
5632
1758
350
9158
1663
4642
1637
3681
5781
7053
5814
7027
6307
3698
3608
1688
9101
9621
7338
8713
5607
1057
8216
4484
8502
2739
6031
2338
7343
1071
3236
8722
5336
7821
5944
1717
6186
7382
2360
3254
7368
4454
5335
570
9999
2458
8339
1731
6796
7594
4155
5314
3650
7498
9864
5972
7012
5502
85
3545
7991
488
179
6771
1713
8474
9469
7374
7805
2246
9371
501
1646
5389
4026
3060
3783
1874
2413
7244
657
7019
9598
4176
5781
3129
1759
4632
1388
8758
1662
6585
4957
3164
9194
1369
2955
2094
9008
1120
4988
7255
6477
7505
9229
3369
5536
4901
1448
9238
2006
8722
4225
5215
1892
882
1938
1774
5864
4273
6458
3995
4001
4321
677
664
536
7520
5519
548
32
8582
1694
6841
5932
2103
9698
3866
5183
7519
3580
6014
924
7036
325
8612
7790
4370
6142
4928
8741
4759
5502
1063
4884
3085
6385
710
6209
5303
4985
6568
116
5207
5558
4586
686
56
7998
5042
655
619
6672
313
371
4173
5855
728
8752
1800
4943
8728
5435
6746
5103
753
6223
745
9690
9571
6362
2306
6834
1406
1931
1679
4884
1180
2136
4181
2132
1568
960
6696
4573
7345
915
5719
7600
8892
4666
6459
1678
2522
2202
5260
1069
7480
9739
3411
2647
3534
9316
618
3791
7099
3130
283
4562
7388
887
2411
426
3660
7821
3092
9920
6377
2040
2353
8662
3780
979
5246
4112
4261
2715
6189
8458
9150
9001
7950
7408
4914
47
8286
3276
6133
9568
2441
3001
581
3248
9544
6866
7579
3983
9257
1091
2402
8812
1222
7908
1938
7950
4621
9614
6961
4037
6617
892
9368
9507
4109
3570
6814
2461
8054
4025
9439
900
4884
7310
7013
6421
9539
39
801
661
7226
388
7208
2314
991
1939
6603
7843
6015
1857
3212
9782
3723
4088
7686
1896
1053
7074
5373
2608
3700
7040
2241
9951
6959
7666
4326
5138
136
7669
4907
7073
9596
5412
2373
6874
9327
9260
4816
5597
4545
9972
4225
9087
4027
3825
2116
2336
8980
8969
8782
9254
4602
4219
4130
4968
4861
8486
3379
3940
8573
9307
4778
8581
2063
1560
3726
5603
588
697
2864
1551
5938
4286
8864
1876
6387
9876
5803
1769
3787
1994
6404
1604
2928
4917
2873
6242
9222
594
9619
683
5587
9174
5112
9607
3086
6673
2581
3513
4349
3814
1429
6672
2384
9828
3222
2445
20
2769
8071
1293
6023
9912
4947
1919
1918
5753
8699
5258
4769
5190
333
5494
3084
9382
4054
425
1293
5986
1992
8909
221
9669
6105
6534
8516
611
3706
47
7128
1650
4826
8307
1554
2745
4697
7403
4843
7677
2526
5392
9147
951
4305
5322
966
3247
7660
4233
8560
1163
8942
9553
5217
7069
4847
580
4592
7762
4667
3169
9524
7364
28
7048
4398
402
941
543
6377
5606
8109
412
8305
2067
2518
6623
6823
4532
793
1091
4861
8848
1412
1721
8415
5536
7860
155
2253
7245
549
8716
6215
6632
5368
9889
9821
9599
8809
2330
6470
6913
110
647
6291
1544
4448
8915
5691
867
8821
2910
5998
4463
1311
305
2430
12
3709
7960
249
6737
711
3447
1490
2597
9921
1032
6701
5052
3126
5302
9350
2525
4715
1964
9481
7391
1394
9514
5725
1480
7675
3049
5521
2846
7645
8577
8726
5991
4335
7691
438
2522
5307
8673
6576
6257
3192
2095
8771
7046
2731
6275
563
8488
7627
6095
7207
95
4581
3939
6630
2056
9256
4926
3359
7007
237
9559
5065
8952
5885
9065
2952
9830
267
6356
1606
1262
3018
2316
9462
3437
218
7835
6850
521
5635
4938
4932
6332
4745
3738
2898
3885
8704
3801
7692
6157
3049
8092
5353
6184
8558
3090
134
1259
183
6731
9119
834
564
1556
1972
2864
7653
4910
2393
2234
5392
4513
9883
1489
2207
9028
6879
2340
7704
4571
2566
5893
3187
2116
1107
5493
9024
9613
4361
4867
4442
3256
579
7756
4214
6400
4554
5413
6450
2078
5177
6493
1142
7903
9691
6670
5701
4799
1888
1818
5801
6127
2830
5516
5828
1836
1992
6195
8949
1412
4309
3954
2730
9069
5526
509
1872
1291
6964
7728
2630
2596
3875
9275
7077
8499
439
3083
9291
818
9958
8023
2841
615
5440
1957
4005
5283
6343
1303
7417
8243
7061
8939
6188
518
2059
284
3407
7506
6508
7031
2662
8560
5273
3431
9981
2553
5111
215
3328
5561
2329
4961
9416
216
9860
9016
2523
7580
8516
381
372
9380
4530
8055
5102
7748
698
5059
7190
6229
8
6575
8907
9155
6983
3216
8776
2686
101
1050
6566
7465
71
3340
802
1537
6122
2736
1782
5296
4207
4648
8666
3620
7566
4378
9533
2357
9158
1995
5089
3847
4987
9798
4384
2200
8343
6906
2030
1979
8368
6187
3515
469
2912
1952
9374
7848
7928
5644
7838
9321
5767
3256
5425
1477
2595
3685
7823
2076
3991
866
3826
2978
1980
5924
1599
235
7359
4951
9217
5255
1820
8183
4320
4297
6942
6062
8249
8359
8980
7285
7000
3990
4277
6569
6731
5879
2048
4174
5713
8771
140
5951
5314
2031
2517
3247
4671
4740
3141
3154
5950
2486
8331
327
3772
3812
9773
5095
9409
5660
2765
236
2472
2466
3870
2708
9521
895
3067
8543
8090
9160
490
3908
1726
8776
3182
6225
8330
6277
5879
1444
1861
5237
9210
6116
681
973
4580
3026
7533
7213
1877
6025
5309
6158
3083
516
5856
8054
4555
7750
8002
245
1012
4381
4952
7098
9975
2308
7802
6540
4645
2665
3025
4582
8058
9836
9086
4845
2255
6299
2920
5823
6289
542
8590
5384
8965
6226
7131
1391
9235
9921
1872
5653
6368
4693
6285
4522
731
4460
2671
325
6612
4110
7030
3814
9402
8657
295
9311
9937
6813
7087
5347
3710
557
3222
4251
4323
5077
987
286
8821
8967
1857
8095
809
6306
8397
5679
5825
9598
8494
762
7976
8226
8502
5741
8316
7539
418
3367
5588
3403
6819
8385
1975
5434
8599
2381
3685
2675
887
1948
4857
9822
8228
8186
9359
6669
4852
131
4395
5252
2898
7547
7549
1401
7706
5440
5674
1107
7936
5051
3262
8801
5585
6173
747
7465
5106
6880
1827
8122
1167
152
3473
8718
3756
597
8077
1213
5784
3814
192
7275
4893
5843
704
8037
5179
7511
9768
3438
6155
4527
796
5184
9024
7689
6066
3395
1610
6913
2583
4140
7944
1773
9330
6416
2709
9018
431
3360
9231
4908
8227
2102
5217
2349
7836
7576
3147
4551
8774
7378
9299
824
3320
3634
7015
334
8272
1612
9397
2953
1708
5690
5952
7592
6622
9274
1059
1916
9380
719
1298
5036
3422
7206
4165
2565
5428
845
622
586
2704
8858
330
4359
7447
5072
7939
962
1419
7660
8618
4221
3324
5308
4674
9165
1608
5685
366
8862
2460
3899
3444
7221
8489
8318
2073
2205
9918
9724
1119
8774
2528
3153
3767
578
3459
9994
7399
9291
2077
6360
5780
8610
7258
9130
9698
5553
1101
3583
6606
8460
9438
4738
1107
8194
6930
2754
1607
2371
9867
4855
8672
4663
3782
9970
1587
4070
8009
5203
7855
8881
7187
2840
3684
4774
5845
9137
6168
1352
5247
2704
3809
4077
1531
5579
5287
145
7127
7916
5557
2082
4623
530
1930
7638
2748
3279
6835
322
5971
1442
8542
176
6924
2748
3182
9538
5258
308
5201
5186
6484
4370
2192
5364
8865
4088
986
6839
2580
2386
6864
6055
198
2852
5523
7419
6492
2209
4527
2650
8299
1844
5710
1495
9779
9704
6843
5280
4980
856
5983
4975
2859
3671
9856
2770
8906
1516
7511
1035
2143
6517
6631
587
6256
6304
2347
5305
1513
4377
8386
5558
5372
2702
4278
1506
7866
2854
676
1072
1134
8742
6089
9923
6760
3423
1283
6594
7244
1699
8899
6261
3936
3389
4740
3691
2696
6206
5654
736
1703
1378
9453
4154
5190
6382
9726
1771
3943
6819
8281
9293
732
982
8260
8643
7650
4127
911
1976
8596
9371
6636
2796
9408
4547
9169
7959
5477
6959
5350
9160
238
2560
1946
632
6399
5069
8198
9734
1877
8301
2943
9411
9661
5718
1913
3083
1044
5154
2435
535
9376
5081
4187
6092
7358
458
863
5246
9671
4373
504
3495
7515
3846
6160
6795
1897
9664
358
5024
6555
5154
7698
6661
3069
220
9150
6946
7943
4844
1669
9800
827
6391
9669
4669
8242
5495
5077
7788
1585
4406
2894
7682
2842
6912
206
6329
9952
1348
8522
5332
5342
1398
6127
363
426
6545
1928
4292
3564
9355
1177
6585
2715
4255
8554
6163
7991
4762
3253
2049
8983
9790
6503
9326
4542
8120
8454
3359
1163
1765
6040
6246
971
3519
4078
7849
917
3208
5268
4604
6716
6076
3725
1381
9944
7533
800
9729
7848
561
667
6292
4693
7894
7245
5946
3085
5162
8922
9930
2938
6054
8736
6522
7862
568
7201
3303
3204
1461
5577
8148
3650
256
3934
2084
9053
9253
9362
8599
3566
3117
2601
5183
9629
1140
8602
8114
1357
5329
5194
5605
3216
9185
185
6101
2044
3855
4008
1147
3143
3526
8781
9796
3296
539
3228
4779
5303
7486
7810
6006
6803
7260
8653
6799
4473
202
2746
8345
1006
9594
3288
2792
1549
4765
5142
1914
4932
7093
7587
6144
1203
4771
1564
6528
7389
2311
3895
6548
2835
9947
1185
3941
2517
1839
4697
8100
2660
8853
3098
1721
1489
8895
6436
9120
3595
7231
2822
5694
3477
5706
9683
7908
3182
247
2386
2415
3200
8558
5853
5728
6854
3612
6961
7425
2226
7409
8607
3274
862
7817
7426
3041
8042
8685
879
2277
6684
2085
3296
4692
8121
2837
2578
6756
3599
7651
3052
5759
2842
1291
7159
4314
1442
1451
6508
7417
3987
2550
3186
9073
3111
9979
5659
3863
8451
3634
4872
6162
3343
8010
7535
4505
862
1326
9496
443
3094
4142
4749
6272
313
1641
9626
5138
8043
4201
5455
5479
7370
8329
8020
46
4993
7655
1392
642
8779
3213
937
1713
7474
5970
8522
551
3004
1184
3246
8041
5786
4733
8138
9960
2206
9494
8662
6243
3485
9364
5653
9620
3461
7185
1901
342
449
1336
4596
3174
4428
1535
1434
2005
4997
65
6229
1504
8325
8473
5363
7450
4744
73
4657
6452
7190
7765
7237
6776
2877
940
9854
4233
5958
2446
3185
6940
2047
8209
8242
6058
7554
7075
4194
6815
134
9666
1693
9296
2811
1805
9824
9152
3253
4406
39
6328
8238
540
7406
7555
5399
2885
4543
1717
671
5008
6358
4542
4977
8078
7756
8900
4604
6871
8751
7554
1478
4513
2870
3195
3268
1895
503
3915
5490
3838
729
6166
6944
1194
2325
8140
9528
4886
5357
4128
834
5455
3445
6540
4764
6717
8994
8355
3802
8676
3049
1190
346
291
8097
6354
8052
6926
6146
7669
5597
4529
5157
1663
2145
369
9173
9217
6459
1100
4401
6752
6033
9208
2933
6231
1099
2665
186
4904
2189
9868
7304
2266
471
7111
1292
8845
8421
2091
8458
4155
4370
6399
4919
7026
9415
3780
5710
9723
79
121
8340
3470
8520
6180
8466
2917
6205
1339
5992
4898
8221
2798
6736
2290
4171
9676
8514
6915
8493
8890
5308
4186
8239
1836
5214
8026
8706
2450
3298
570
4292
1567
5895
4796
8280
1358
1567
8149
3162
4713
8717
1063
5235
7391
7076
1116
8304
9842
7644
7535
3700
9071
4895
7584
2621
9901
9933
9278
7835
8956
2039
3973
7163
8940
8882
3822
814
5575
8243
7629
7105
492
7154
604
3460
9714
4599
4168
2543
1604
5699
7770
5545
7100
294
4853
7671
3571
9827
4305
3356
1072
3719
3007
4674
8088
5670
7422
5569
4187
4742
5538
9613
9477
3474
1214
4098
4710
2402
2873
4777
7708
8226
6859
9812
9522
2090
3591
9286
7354
6252
3730
74
9313
9911
4932
2701
3256
6907
8044
7484
6126
1743
9307
6824
8882
250
4599
3298
7764
1564
6871
8849
288
1409
4777
2604
8076
2237
4498
4039
6883
6432
2294
5689
637
2664
3252
3834
6509
434
7623
2315
6803
3060
432
2917
4604
8082
9632
1902
9568
8871
100
5693
7470
5698
4786
374
3132
4940
3873
9960
7707
9541
3751
9604
8947
392
1367
4876
6798
8949
6929
4457
8326
8542
2927
8219
2042
2163
4995
6261
2760
7008
8254
1661
8851
2057
8448
2552
1144
913
9827
398
692
1978
137
3600
2368
3344
6926
4518
579
7967
6146
6891
2983
9699
3198
716
9260
259
4698
1376
6376
4368
8749
8579
7497
2788
1345
1535
3000
1169
1155
6029
322
207
2904
2363
1755
4354
2535
9370
2045
5384
4006
9776
6605
5671
7931
5234
1910
1022
6263
2887
5043
8508
1344
7370
4551
8303
331
803
185
2546
4337
4465
9874
5125
4211
145
4529
2101
9969
397
8962
7208
2688
3256
9479
2071
8246
3876
1930
6386
3532
5207
8758
5384
6218
2521
1702
4084
3732
4172
4499
7832
3828
7642
2266
197
164
2926
7438
483
7774
3299
9281
4737
7105
5195
2916
4672
1015
3342
428
8994
8785
4043
386
455
6250
7030
4891
5115
7137
7912
5736
8902
5917
8949
4822
1836
7682
8627
7849
7920
8491
4527
8252
2609
400
3153
2968
8302
4767
2886
3842
8940
349
685
4171
4828
1907
709
7327
8995
70
1674
3309
5162
6317
9403
7080
8206
7973
887
2750
621
5043
383
1557
2580
210
4251
8419
6114
3564
7846
1162
9195
1557
859
4446
8661
2600
225
7747
5901
1140
5697
9498
371
942
1910
5585
3891
4844
4484
9433
6983
8426
607
8152
9406
8483
4002
557
2766
3330
5458
1697
3019
8638
9029
9280
7404
8947
1514
8704
9738
716
9278
5835
2859
3920
91
572
11
5872
3454
5611
8322
3088
9265
2374
250
9438
6586
2932
9425
5750
9310
4012
4543
3351
4573
309
5616
3894
5822
3978
983
2566
4750
2558
6403
9895
824
6948
6173
7347
3103
7252
1735
2684
5073
9337
7014
9154
1305
1754
9569
3196
1959
7071
1765
6345
7264
3545
9785
3075
7406
2038
3302
9423
1428
4671
2504
1284
1769
4866
3066
2263
833
8679
1516
1280
2371
1387
2975
6268
9117
1229
1662
5758
6667
125
1854
6461
9015
7778
1530
6908
655
6355
7342
8531
8076
3607
6540
6981
1057
823
6494
5657
5307
8273
9081
6469
3070
3133
3924
7442
3736
3949
9641
6022
4331
1061
3689
1247
5352
3482
199
7897
2104
6994
5365
5975
9563
5540
2347
4154
492
1977
1155
5498
4294
5647
1193
7062
213
9043
9584
7392
2714
4898
9730
2648
489
3256
2287
8213
3693
3222
8302
5847
2341
7354
6219
1914
8985
7923
3545
318
8287
3620
2106
4764
6463
5904
2910
122
3260
6038
9700
9072
4575
77
2173
9687
8846
6364
833
2306
2870
6653
5076
184
1414
2907
9966
2449
44
8325
2748
2662
3801
4486
4774
238
4381
2294
9610
7257
1653
9049
7583
2346
6687
397
8513
7023
8287
8088
7383
6989
6901
1499
2506
3965
8547
3303
6959
7994
6605
7414
8517
118
9464
7898
5844
3242
5432
2735
4820
3061
3878
9683
579
7397
2156
9722
6136
6308
6393
6753
6746
6214
8989
8361
456
6907
4076
5185
8745
7515
7437
8276
4382
2622
128
2012
358
7204
956
9303
1887
3522
4063
4723
303
1907
3657
5597
5354
7998
6160
7896
845
7969
1386
7382
447
4364
1041
5424
4782
8985
2850
6872
6596
7298
4547
6326
4048
283
7959
9550
6697
9526
6532
4954
56
4085
4715
1621
9644
564
3764
1801
1708
3206
7949
3944
3755
5966
4601
6397
9941
8736
2708
4576
3325
8416
4231
2305
9004
2325
7739
3986
2947
918
6792
1899
6772
2125
8941
6647
4540
8236
7495
5072
6618
9961
1164
1580
534
7470
3261
8268
609
5711
1151
6866
8396
7566
7230
671
17
2727
6311
4627
6086
1864
7199
7267
6813
8296
9565
8372
4806
782
364
9779
8912
3720
9543
9746
2001
6861
4266
4043
6687
519
6260
7589
6420
4777
6934
170
1723
2437
2072
4105
2361
5576
8155
5333
5291
2961
71
692
909
8268
9782
4541
3306
6806
8759
4479
3698
5080
7145
3436
7880
2302
3793
2055
1627
9872
450
7815
1474
1845
2463
8052
4567
3378
9767
7772
7062
5085
739
9874
7840
3661
9973
1308
2282
9597
5325
8113
6752
3866
8086
4838
8773
9782
3652
9395
5745
7473
2587
9231
758
6181
628
5483
6092
6899
9369
9284
5149
9873
4920
5965
6976
7749
1014
5609
3901
6074
2072
4213
6727
4023
7317
8432
249
4223
8302
3576
4615
4294
9500
501
4498
5176
7617
1145
6689
8655
1400
431
3344
8501
4059
3448
4488
3829
6945
3784
2547
7573
4162
9760
1840
7974
5837
905
9201
7895
2958
2642
6731
3820
9180
5727
4744
6813
4528
2564
8923
7356
665
3162
3655
3107
4926
9638
7590
1762
9416
8254
4555
8287
2510
5721
9633
2712
1155
165
2500
2338
2537
7860
7251
8880
5681
9166
594
5595
1883
7286
3
5908
5589
782
5919
9728
294
7453
8409
5875
8110
9900
2980
9197
2249
7371
3023
9946
931
1598
9306
5099
5009
1440
2634
1797
8072
6021
101
377
7957
3024
8480
1755
4215
605
9297
7883
1028
3503
1781
9560
7735
9254
831
1500
6626
1287
4606
867
1533
5050
6075
560
6096
9038
3179
9336
1121
9750
6627
1000
6031
2152
1087
8362
1490
211
6755
47
8489
5360
9440
8637
611
81
6309
4235
7039
6466
1439
4254
1254
9542
1434
3065
4924
1477
2499
5911
4823
9074
6900
7396
3210
771
6328
9680
6601
9173
6124
2523
555
4319
5551
4767
8004
7779
8083
3125
3931
1263
3123
5411
7973
6882
1479
7892
3642
3233
9677
845
8780
1511
9624
5738
3345
5860
7199
4100
9358
6437
385
1829
6422
4257
5783
998
7437
3291
9257
3924
4378
1194
9761
8595
3164
9938
5060
1744
92
569
2602
4647
1280
6616
8603
8352
977
5554
9548
229
6997
5183
8066
9943
9675
6161
8124
3625
5540
1046
3847
5047
5883
5612
3226
9694
2678
8191
5958
8833
8631
5349
8131
2168
4521
6777
7273
629
6324
3310
6478
1624
3579
4986
354
8694
6924
468
9666
20
9784
3734
9943
6763
7151
8385
3368
2961
9643
1128
1555
4523
3275
2386
8290
7328
8885
3288
1086
3795
3545
762
2540
718
5131
928
3517
2318
6047
7927
1802
6708
100
5403
2257
2132
9590
4630
221
5796
6026
4432
6482
6643
4458
9886
4613
7646
4089
2816
5354
7776
5775
2330
9750
487
7166
6138
6457
8288
4243
5932
5066
3837
2601
9496
1699
7771
1488
4460
5598
8965
6429
3907
4402
1657
9150
6344
5983
5931
8695
8552
2750
3703
7846
7787
150
9767
7223
58
2338
7680
8049
9792
6600
2384
2989
2271
8404
7635
570
3897
1515
8959
9865
7899
7215
2491
8090
4597
8033
1995
8705
37
8616
954
5102
4756
6717
2521
5039
978
4537
153
7689
7842
147
4156
1851
213
6425
4760
9899
3665
8744
7805
6331
8036
5726
6071
6179
8493
7923
7008
9851
3137
4836
4807
6689
762
6686
5993
28
1775
9006
5967
170
706
9609
578
6755
9072
4122
6155
5305
6695
2716
2446
5350
9328
2781
6080
2733
4742
6566
8886
779
6038
2366
9997
5575
4498
6881
4135
9218
3412
8982
2618
8476
4433
3253
6689
8029
28
6293
2672
4490
2035
1904
9825
2157
867
8585
8978
7041
3210
8683
636
6290
1454
6619
197
7812
3680
9983
979
9445
3485
6633
7391
2957
7193
9158
4748
8861
3861
5682
7314
253
6201
6725
9825
5276
2750
9113
4867
9587
6649
2465
1161
1475
1534
1690
8068
5742
792
8244
9829
2406
6904
2810
6341
2019
1201
3456
8871
8225
4473
3866
8158
412
9874
9351
5565
5383
6772
7267
118
1377
5451
5293
4497
2716
8788
457
6503
9763
5586
2245
1100
1919
3465
5801
4396
9436
2892
8979
3367
8220
458
914
2468
3961
4815
1857
7177
1707
6423
7733
6888
3286
6194
5568
2276
9625
8707
6143
9503
8279
2232
512
479
3637
641
3469
4709
7618
3423
9942
1503
2509
1367
5891
8602
4494
2461
1268
1532
467
2984
6676
9130
6995
2491
9308
1326
2978
526
3882
4210
4732
1643
2592
4230
8179
5048
5047
7044
4694
5156
1054
7379
7487
3082
1859
3326
7106
3643
8375
2319
4291
3973
4214
6203
9522
7982
1267
9909
8349
8800
6307
9478
7207
9382
3589
5920
7121
5914
833
6032
9189
5674
700
7627
9857
2205
177
6953
7408
2000
1684
2049
4876
8536
1542
3474
5262
3534
2529
9372
4855
2187
3851
8296
1080
2229
6029
3041
6990
6154
2044
3937
9065
9296
7744
8211
4440
8908
6532
9544
2094
8713
6622
912
9141
6848
7843
2451
2576
7801
5198
2152
8244
4934
724
6846
5696
5535
2858
7499
6244
9440
5617
6033
6500
8249
5072
3525
6851
1300
7191
1759
7778
8553
6585
7293
3835
8950
6727
4935
304
235
5171
4178
6113
1213
5202
1123
9586
6203
4994
7726
6319
9223
1690
5468
8662
3607
8561
8206
6300
8535
9662
5640
8600
225
559
4364
6086
2410
2888
5444
8901
6045
4046
3121
8178
1738
4219
3373
9297
7130
7718
831
1638
1295
1998
8362
2978
9193
7428
1610
336
5928
6856
9296
1536
8561
7787
1337
8117
6965
1998
5766
7143
6669
3852
2617
7913
9119
2437
8015
9958
8247
7137
4806
4527
2177
590
1710
4427
4617
9591
4527
4323
1262
2435
1770
4782
8475
5041
7902
3653
5925
1820
1989
6482
1602
4409
8886
5195
9691
3803
5753
9046
2307
7961
2848
3983
6627
7512
577
1450
987
6115
9540
6091
4437
5724
4208
7374
7127
9452
3457
2569
3050
2302
9623
1191
4194
4073
7315
6890
3892
1992
9516
580
9941
3110
3849
5713
727
1332
5832
4782
7833
82
8194
9049
9557
5159
9681
8029
5899
1879
5665
8172
4766
6443
6429
1628
8981
3322
4030
5024
4211
7516
1729
2931
4720
7425
3896
6045
5025
6845
3621
5662
9965
1348
9966
3911
9188
3694
6069
4684
3181
9914
4800
8894
1367
2329
5933
1581
373
5303
3067
6558
9852
458
2338
6582
5548
9229
9900
1208
7604
9998
1984
9226
3295
1624
135
2091
9324
6116
4491
6627
3382
4535
5643
4771
3151
6292
1152
8681
892
8017
9750
8357
9460
4246
700
6803
2082
5078
3953
4199
7015
5762
9031
3056
3255
7531
818
8693
6490
7810
6117
6376
8319
1889
4960
7556
5804
1338
4318
5668
7792
1796
4646
2810
8937
322
1504
9013
2723
1789
1702
3560
6571
3248
9529
244
6696
9073
5719
3281
7592
8507
3214
7210
6003
9520
2412
3635
2536
6609
419
8404
5464
463
7328
2656
3794
1941
3116
5743
9370
6194
5676
3959
4511
2317
6956
1745
3320
8758
6884
4019
8381
979
6810
940
1254
2596
5991
716
4569
4860
7058
5234
4359
5449
7389
3671
6943
838
9858
4384
9419
6242
3845
6387
2340
3624
8699
5417
4537
5367
5710
4571
8659
597
591
9268
5154
7976
8211
2163
9495
1699
4931
2149
8676
2526
1956
9322
2088
5891
7609
7531
2530
1758
1763
5856
5663
6880
2498
7056
8231
3009
5728
1370
4401
7165
4202
1113
5477
1549
1155
964
4282
2652
9236
2262
2788
5508
3110
3235
6408
1818
1721
7544
1637
7142
3815
2319
4920
7606
7553
5568
3822
8233
1046
7924
5620
2623
7308
2330
1508
309
6319
32
2295
4228
139
89
538
2742
1711
6435
4113
1636
832
4100
7673
7379
5151
5387
7094
5665
2407
5826
6984
9677
7974
4323
9348
1116
4144
4823
1678
3912
5512
5892
3509
7643
3071
5973
4180
4168
5933
5369
4805
3654
4070
1732
7794
8530
5805
8630
8277
8439
5818
7682
2080
8493
396
1987
4279
2856
4926
9416
9284
7981
245
6459
4465
8922
2473
8756
8740
6645
2153
5895
4429
9410
6926
5234
302
4076
6153
7086
4126
4230
4918
8333
8313
952
9351
9317
6159
2673
150
5502
9828
1286
7044
6175
7905
4554
488
6712
686
1069
957
3003
9751
848
5523
1115
2905
5824
2585
2603
3946
6280
3626
2383
9553
6869
9373
98
5358
1846
2458
4006
8237
6493
9675
6457
5069
5521
5734
7659
6775
9060
4491
4965
6680
2882
5228
1073
425
74
9613
1179
5615
5824
9375
5785
4245
4642
9024
3577
7412
7397
6701
1637
2994
7382
1836
26
306
8124
7553
3053
5894
3470
2770
5695
1211
5850
3725
8876
3814
2931
5983
8199
4472
5693
1240
8837
4805
9089
2205
3988
8689
3757
1937
4650
9465
9145
919
7341
5969
906
3656
7212
1925
9620
9351
1492
7316
2261
5583
2601
159
7085
7189
391
9103
9631
3273
9614
6249
8895
4734
6381
3731
2701
1326
8817
5344
5651
9936
1790
9143
4606
2782
5058
4458
9346
4493
2742
2927
6386
5486
5375
8977
3381
7565
9003
7137
5609
3621
4066
3197
871
4100
6539
8402
8822
5407
1854
9575
2316
5975
3812
9475
9019
7826
6599
3265
6814
8252
4974
8064
1335
4318
1626
2720
5915
81
3691
3176
6261
2630
6627
3939
7078
9960
9983
3825
3703
2839
2417
990
1912
5648
9657
4258
9264
9492
7255
3779
3751
3357
7578
7310
9108
5588
9527
6823
2917
7345
2140
874
5224
7075
5094
6859
3982
7527
1126
2712
5802
4565
2314
6422
4755
5809
6973
8352
33
2857
5270
490
1941
5826
2021
8837
1632
3190
256
5697
6590
6942
6282
5688
3162
8920
6173
2821
3784
4536
1630
8458
515
5836
9833
6496
7
1304
8411
8972
2912
7680
4984
9682
5495
6852
6653
8763
7326
1539
8860
3044
7896
3472
1314
6675
3380
4864
5454
6369
984
6759
6030
3247
2975
9319
6402
2566
992
29
3740
9340
1527
3413
4840
8487
4622
7887
759
2482
148
9788
7888
9943
2936
3508
5407
9479
1195
7632
4896
7192
1558
1110
6963
6595
99
7416
8698
4375
131
3297
9120
3335
8951
1946
767
6438
3606
4474
8254
1224
5067
9522
6314
1623
2901
9506
2284
4821
7015
3624
2584
9005
2680
1487
4417
1671
4201
2005
2153
473
7483
167
115
8617
6365
7673
7723
4794
9929
5243
4508
7038
9224
7934
4703
5400
7367
530
4169
8632
2720
3936
322
1324
1024
1005
7634
5939
6281
8243
3780
7031
8347
91
8579
3375
7535
1112
7296
635
6698
1528
6901
4834
9159
6220
2487
9537
9170
2760
9438
9489
3675
2698
4774
6205
5831
8181
1755
4628
6312
1101
8995
7566
5414
8330
3436
4257
9890
7805
9083
9997
8543
4927
4230
7607
1305
3026
3073
4997
5672
1512
3740
4697
6792
2306
6063
913
2298
5070
6745
7536
8240
7482
8285
5467
3384
8757
4190
9854
4537
9958
5838
8715
4798
8652
5698
6982
196
9758
3667
1945
3774
3384
979
8074
1508
2511
9543
825
2532
3540
9928
7001
4499
5196
8514
405
6385
4806
6238
742
1696
8547
7727
874
6988
5492
2151
5800
5772
903
8603
9698
5022
8796
5264
1882
8252
7843
5328
1230
1273
6124
2124
4931
3341
58
5025
9632
5649
621
9072
5851
2233
9305
2914
3393
4063
3383
3848
6832
23
1229
1214
1207
4620
281
1223
3447
7765
673
9262
8833
6005
3938
8105
2431
3120
212
8048
6192
8327
3544
9655
4031
211
374
9165
127
2577
5951
9148
6989
2243
2663
1743
3475
290
5760
424
9270
9486
248
1168
5884
5702
8086
5279
6348
4618
7288
274
7876
6052
9714
5353
2853
5459
7321
5081
5930
4120
5881
39
8000
7255
1389
7903
3755
4458
4508
6642
9632
9149
1802
269
7802
5150
1122
4852
6563
1130
3136
2061
4445
4619
5682
1730
5957
4492
2052
8623
1557
6768
8480
7200
5883
9076
7953
6533
9343
3933
4106
2988
979
8
4685
9780
5948
2148
4035
7960
6619
819
6905
310
9269
7780
2986
8749
4886
4530
397
337
1153
9442
7960
4784
1519
6950
3686
7480
5691
4735
6708
4856
1134
7136
2187
8936
3351
3308
6978
5287
6885
3649
1864
866
2191
6402
5199
8583
4247
5223
9199
8855
2024
9376
1287
5902
2106
5346
9284
7964
4645
180
7328
6794
3498
2313
4607
2976
7209
668
3721
3019
2635
5801
6577
3159
885
8388
490
5266
85
1645
3241
9464
6928
1956
6776
7269
3950
7263
7319
9127
8633
2030
7362
2309
5872
3333
9813
8885
9904
6561
7633
910
9638
1795
9693
2008
8656
7735
467
2195
4221
3105
1902
5313
8048
6204
7724
7207
5062
3746
8426
6892
6152
3816
9875
2515
5600
8084
4638
2561
3243
7348
1129
169
3299
8086
7129
8668
4458
4112
5909
6630
3749
1809
5160
1587
8894
8284
9289
333
8137
2062
273
1733
2323
7351
6704
8198
6995
4190
166
6185
3672
7210
6954
8018
4624
9502
5086
1264
715
8844
4662
1136
8603
4626
1110
1373
4678
9155
2889
2852
2527
7660
4721
6311
3162
5411
1751
442
8604
8582
9608
5789
5759
3082
9050
8236
9924
2296
8917
6369
6312
6058
5746
1045
6898
935
3528
1842
9764
2125
5881
3768
1474
4389
1014
3926
498
5783
6805
5775
4010
1782
1039
2562
1524
1194
747
5527
2960
1388
572
6980
7079
1694
8150
8941
9947
3534
2569
8912
6114
553
2303
3758
8464
4833
3885
1552
4775
8184
9498
6714
9872
8253
677
15
2736
7725
4591
6514
4256
8889
1769
9501
3943
6093
4358
584
4752
8110
5775
9104
3538
8390
2356
8739
5484
8193
3120
9335
622
3687
7637
1162
2339
739
2732
3651
6814
5455
6578
8917
9440
7025
8403
19
2637
1711
9166
7983
8028
7590
7784
3489
6141
4431
7103
617
4189
1005
8735
7580
9627
5892
2946
4347
3064
2804
2705
1168
7627
4480
6990
1081
7132
4564
2343
4621
5250
1826
8220
4597
5919
4261
4613
1908
9807
9476
4743
370
9939
1263
9625
580
5928
9216
3824
7672
7650
9048
2022
52
545
3795
7100
4893
3664
6687
1850
2971
2473
4096
9250
243
8533
9033
997
7440
4496
1585
5018
9305
3038
7411
1734
7858
4848
8457
6468
1429
3238
8649
2723
8889
7896
8414
6411
4165
7640
5170
2395
7238
1282
4797
3514
9988
4742
5959
2604
9664
5926
3944
1608
8419
2991
6717
5001
7214
2785
4035
5173
5194
9979
1167
5964
6492
5205
7076
5885
670
4645
2216
8135
6638
5636
2691
6372
2625
1283
5686
7813
3818
4961
5253
8951
5204
8272
6561
455
1469
9207
7376
8328
3922
6657
3670
7957
3160
191
1815
6728
126
9348
6919
311
6935
6507
6195
8743
9149
6572
9776
8586
7532
4501
4215
4841
5889
2756
3362
6770
2995
5105
8032
8034
3876
7785
9925
447
7802
1809
8377
1545
2512
207
9695
597
9105
5788
7539
5934
8627
3835
3163
1303
6658
4088
3037
3153
5941
5708
5708
6631
3403
9510
6414
3684
5155
6939
379
4791
7478
6101
2608
8333
9858
1228
5235
3963
2937
3893
4165
578
6570
5903
9635
4123
9361
9603
7281
4555
3206
4635
6794
1615
2583
673
6487
322
9991
5024
9602
2528
5872
7001
2207
6521
4776
8685
8512
2834
5793
3834
1883
6592
9149
1041
4152
2032
920
2171
3920
585
258
8780
7485
6446
6931
8407
9225
238
520
4106
9979
2569
5426
9200
6827
8435
2137
3738
988
452
6487
2411
123
4017
2033
2694
8733
2050
6769
2401
2605
5388
8988
9254
9351
227
1200
2063
4510
1132
8297
4127
8266
7609
9681
1245
5810
4768
7893
2017
8474
3699
173
8586
2019
5657
9288
4248
9248
9743
4358
4916
6881
3118
7851
4300
3116
3610
5154
8592
1050
4981
6763
4225
8502
3886
4580
1023
6922
1011
1471
8580
4194
6848
8015
9065
6321
3031
103
4111
7814
6925
9299
9338
1972
6532
5075
1366
6595
7442
1051
2397
1496
8824
3934
613
766
2106
3729
9807
8595
6086
1144
8308
4405
9619
9413
5271
9092
7296
3915
7287
2449
8222
9272
9595
7382
3458
292
4217
5446
5799
2699
4204
1409
8329
6099
1376
4752
4027
9696
2623
2771
4881
5521
955
8375
1003
139
2912
988
2213
5540
3964
7368
3644
8468
889
9573
3016
6469
7851
467
3944
1831
6516
8873
6197
7728
9392
2925
2240
7081
1940
6809
193
5972
9572
7390
2306
9251
2616
7436
7740
3435
8973
1219
90
6450
8155
667
3806
3572
636
2180
5639
9104
4978
2671
6856
5173
3643
4428
1557
350
5044
2398
2533
909
5402
6429
7035
6535
2447
9461
9800
8251
9506
2638
3612
5141
4487
5951
9011
1841
931
173
4831
5613
3005
2847
2103
1361
7016
462
6379
1139
4658
8661
3763
1260
9765
4582
7211
6700
2051
3184
4623
59
4358
797
4541
435
523
8308
6897
977
6248
2418
5037
5249
3287
4581
97
756
4898
9034
6858
3214
8733
1025
4493
998
5536
6037
749
6804
1835
3672
457
497
7252
977
5149
9181
5948
1978
2627
8553
3192
5290
4079
4032
2178
2961
5941
2922
6430
3883
9171
8441
5353
8763
4408
9001
5107
2564
8899
1466
3978
2702
4380
5453
9220
9150
6371
6731
4551
5358
6678
986
5776
7530
7845
4488
792
5406
5794
7783
6744
4282
8055
5021
9811
2101
2024
7829
5761
2988
6820
4900
4360
6269
1075
6923
6430
2081
3976
8423
8878
2901
8394
4831
4392
9629
5997
6571
2185
8656
3195
1457
4938
4831
8831
5151
102
6805
2075
9115
9578
4823
1085
8775
6717
1090
5950
2941
230
6412
9721
3043
8826
5788
8714
9975
9418
1630
182
8928
4301
1937
6250
2390
9187
1192
9711
4412
7733
9611
8298
4603
5093
8268
4512
6229
2295
6019
2272
3934
7919
9322
9281
5809
8286
2445
3825
9929
2672
6832
7829
4078
1821
560
3049
9328
826
711
8993
880
7421
3901
8543
2426
9210
2169
9144
8839
3283
2
4829
6562
2079
9251
1079
1715
2588
5761
3394
8112
9299
2963
6080
8010
3025
7114
3268
3340
5939
211
1335
7582
5868
25
1110
2831
9553
9476
1648
2511
1014
8733
7163
1377
2321
4447
7537
6155
2408
7012
9077
6146
4707
4865
4294
1994
7019
6148
1254
8369
4008
7147
1017
997
9075
902
2286
4497
7434
7321
5476
7593
2411
2476
4056
831
481
595
4552
7947
7594
9513
8774
8612
829
7859
1435
7372
3414
2869
1704
5452
7549
3794
703
1004
2006
8299
4303
7072
4011
5281
7713
4559
5518
650
4294
5618
7786
9818
230
7991
6033
9774
4552
2405
1124
9231
3079
6831
9027
6494
6743
3969
5550
8170
3197
2227
5930
9791
5662
7859
8730
8008
8326
5845
7777
4218
4945
8928
7010
6456
2721
7289
9952
7101
9726
7980
4175
5264
9156
3240
7079
819
5247
4227
7244
6156
9688
5629
4383
4407
2657
2628
4688
8317
5290
5043
5643
5978
4491
6179
8689
6908
3465
8822
516
8991
9301
5425
4785
8370
5401
482
6215
5867
7253
8463
8881
8825
4088
3683
1210
5158
5337
3286
5924
8223
610
9676
6979
2916
1583
2701
5599
97
4492
8755
7654
2319
5009
8660
151
1431
873
2509
5681
8137
3008
2300
4123
7884
9548
3220
3873
8487
5939
1828
5658
8396
6338
9792
7512
3425
55
1888
8546
7380
2311
2049
7235
717
9709
3930
2231
2155
9433
8913
7067
3641
4045
154
9753
9606
9203
9203
2668
6403
4157
6689
1729
9633
2595
8892
6689
6929
3665
1841
1844
9741
80
8923
4810
3079
3474
9306
4315
7340
8730
824
8943
8901
4313
2122
8978
8977
1924
5446
5185
5308
982
9321
3285
5744
1558
4940
368
2666
4755
6607
3956
1896
6310
1525
2081
2017
8390
4063
5841
5829
1470
2292
839
7432
1250
192
2842
4186
8043
5591
9228
7719
591
6496
6324
4625
8182
6004
8047
341
9776
5371
947
6232
7184
9562
1049
3805
8800
2332
1273
1493
2974
3682
686
6624
320
8563
8575
5870
6154
4171
1826
8148
9263
9901
7118
8241
3807
4617
4575
9155
5957
9597
6098
791
3313
5077
5948
7086
4331
9666
2511
5568
8763
5234
5328
2413
3134
7688
442
8807
5267
1861
625
9447
2500
3163
4761
5456
1389
5729
6593
3325
1858
2650
4170
2645
2069
3923
4838
2594
7899
4741
3470
8315
9432
9778
7076
5957
6480
5704
4729
5641
3841
172
9225
7439
7492
5981
106
1559
7921
2874
8874
4138
291
8570
4971
6973
6270
3754
1458
9805
1874
55
8473
5421
3543
4742
2139
8449
5095
1006
1376
3457
7213
2280
9575
8210
4153
1496
3061
4188
3079
2395
2416
7650
423
7793
4242
9478
8353
7264
2268
9328
6098
1978
1053
184
5732
2420
4478
6333
7228
3442
8480
164
9947
5194
5226
7758
6725
9658
6353
3087
2353
946
1070
2537
5843
336
2784
8802
4039
6981
1606
8330
7666
1000
6192
416
1415
2211
8992
4226
5473
6141
7214
553
5352
3667
2124
2618
8490
6434
1075
1809
9012
5573
915
6461
2292
3510
3639
8262
6764
7388
6419
1950
7336
5903
425
4152
2328
5393
4822
8886
4788
1471
3887
579
7121
5786
3811
4108
3871
3862
4410
2380
1272
2580
5615
3873
5830
2958
9075
4644
3105
8135
9539
8494
9559
482
2219
22
353
7249
9296
7189
7739
3593
8534
8053
6581
3640
3180
9468
6544
1253
4089
7033
8451
9975
8778
7760
6688
6616
5169
9326
7654
9805
853
7624
2077
1358
2394
4383
3918
2916
3683
6875
28
9088
8459
1974
3699
9620
4180
6008
4979
7492
7068
6953
5255
42
798
8825
8953
9871
8287
764
8650
2819
2019
5302
4493
4861
1707
8074
9785
4788
1627
2021
1012
6517
3891
6098
1610
4892
9697
711
1858
3818
6954
3441
6705
9511
3857
6081
2185
7858
4274
4164
8054
589
2496
3221
5148
3500
5008
3393
9405
6695
218
3516
2239
6664
8032
2800
1804
7111
7484
6282
1624
17
3368
4250
3842
2746
3552
8812
20
9350
2034
5484
4085
615
1862
691
4936
7368
6308
8611
3625
6361
8524
7102
6751
2874
6631
2786
4653
2407
5981
7621
1114
2384
5065
4674
290
2141
9039
3384
8059
5524
5429
7509
4746
1527
6209
8833
553
9737
6534
2367
4262
117
4991
8701
6727
9386
9358
6355
2401
9191
1641
1225
3796
6883
9974
1213
857
2441
3424
1420
1211
5883
9302
4641
2692
4274
5348
421
1127
607
8350
661
2172
4104
2963
9323
1260
3097
1449
1745
9595
4470
6005
7635
2488
3611
5069
3928
7487
5785
6278
2230
225
1141
2360
9543
2032
1455
2807
9619
7015
9704
2942
3007
4445
365
6299
5128
707
8666
8454
6392
7423
1212
9112
4136
2478
203
4331
8651
479
5182
4375
3355
4716
8779
903
6903
3354
5949
4935
9668
8955
819
3526
9447
2153
5027
8384
8334
7160
6047
1898
2769
6987
3446
8488
6746
9715
7296
5739
8671
2593
3839
1220
605
8683
4277
4471
6601
5385
5546
7677
3865
8568
7788
5664
6582
6050
5633
8703
2530
5884
3032
7703
9266
519
393
4302
8284
6913
2290
9532
1049
2313
935
6576
100
6063
4753
2984
8067
28
6872
3931
5918
9003
706
8569
7032
273
7314
9745
2098
3960
658
9636
7167
6680
3834
6062
4310
5769
8957
2617
4866
1465
1476
7984
6719
185
2771
2247
5988
4045
3803
8509
2287
4543
5715
8182
1598
1238
5574
8733
3090
4799
6797
3507
6318
786
6439
7298
953
2472
2252
6908
863
1404
4168
2180
1989
5534
1137
3896
2610
1655
832
4012
6512
9685
1018
7773
4921
9133
6133
9409
5302
4010
1466
8955
8473
4223
9545
2457
9697
1446
2142
2054
2829
5233
7741
483
5562
4097
6842
8704
7776
8795
7807
9941
8600
3305
5966
5225
6344
1260
7670
1062
4373
480
6237
564
2481
1007
2478
5707
2008
4359
5913
8096
7452
9952
484
7340
212
9482
9697
3783
8962
8530
3675
6617
6703
3782
2755
3624
7168
2462
216
4911
673
3381
6874
8422
3784
3019
5859
3229
178
8998
8475
5928
8643
7503
7954
7265
1516
4979
8782
9053
7578
9438
292
7684
1232
3499
8335
2684
5337
8796
2870
7629
2677
9396
3747
143
5644
5586
7879
1679
4820
6625
2029
6952
9204
9074
2444
6817
9205
5640
7929
1305
5526
5387
1286
7778
91
3518
9774
5127
6476
790
2130
647
7881
4196
4948
4582
4603
626
7444
165
9995
9669
1850
1709
9526
5279
9909
1556
8175
3484
6607
992
602
4037
2637
3273
772
5700
8073
2135
1326
8061
4651
6430
4665
5298
3740
7714
9354
8451
2413
2228
6410
4999
352
1030
3670
2407
7717
7128
5514
60
9377
5305
2677
3154
1518
4189
6246
9077
6702
1246
1989
8214
842
5253
6904
3449
8551
3480
5786
6852
5248
6010
9627
3077
5452
9387
5868
9001
9960
7394
4050
8649
7226
8421
7595
9899
7314
3336
4417
7450
4685
4188
4231
9452
4988
2329
6922
8596
1617
5002
7730
5676
9412
7777
7830
1195
6398
6414
7471
2254
1511
9965
6178
527
6942
2086
5638
7875
688
1788
4036
1344
7782
5945
3573
4402
6399
5309
1338
2553
4227
4062
8719
1989
9280
4272
645
348
1983
377
683
8664
3654
143
1793
56
6852
7645
3618
3063
131
6957
1443
8350
2762
7366
4461
3433
8455
9469
4132
4121
7587
8851
7764
8502
467
53
2627
8249
3655
3932
2121
3868
4518
6162
4602
7738
3875
3988
4274
9841
7178
8094
31
6037
6693
727
811
6870
4753
4806
9176
2608
4991
941
9157
380
4651
4014
378
1637
8447
3261
1855
8316
5228
545
7549
5202
3762
9749
4789
4775
8915
8364
4544
1512
6496
842
7898
25
6552
8219
7293
6104
8273
5308
6031
3825
562
8117
9150
6095
1072
1597
3474
5440
3248
6226
3346
4472
9149
1750
1042
3157
252
5912
9083
5670
473
6138
4992
7632
3630
4207
8164
2603
1283
2217
6448
3505
3661
6391
1319
2969
1945
3587
4852
9647
7682
9206
5012
1629
5184
9301
5298
4732
3696
991
3966
2808
1374
5173
9788
6789
9101
3863
1368
956
8867
2612
937
5993
6052
2456
8609
4672
7658
3851
3389
2661
3930
401
9279
8869
3828
9817
369
9551
6698
9108
5330
8823
4619
5499
6771
7418
257
8977
44
9498
601
9066
3142
4499
9779
7773
5666
9768
1754
5978
993
9866
3010
4430
2351
589
1082
2165
2923
3871
9022
8437
3395
4917
8646
9202
5344
4228
5088
4773
2390
7008
6193
3924
2925
9019
9286
5489
8334
3151
7895
7101
1544
7105
29
505
2715
7595
8680
2249
8598
5267
3040
3188
5944
2810
5627
434
3512
6400
9448
6082
6314
5040
3110
8655
6130
8380
3711
9189
9779
1727
7542
2672
6232
7038
7709
6465
3989
1856
2368
9715
3909
2460
5098
3392
6221
9783
9861
9801
8873
1117
1180
138
3097
2589
8472
3895
9873
9288
3319
6624
2551
1059
6475
1681
5848
9144
1692
2367
2585
1456
9748
2925
6845
8913
1207
2774
3304
7620
7559
4312
2925
7296
1639
3855
8272
1128
4746
1599
9382
3162
1159
1714
7384
8899
8429
8295
3336
9519
8855
4770
6300
3591
1583
5311
5410
5646
7405
6726
5626
5990
8167
6430
4063
9268
5631
87
5009
3706
4903
5587
7052
4881
767
3747
3266
8510
2555
3124
9655
4837
4261
3182
5542
806
5439
6886
5512
7650
5328
7314
8468
7821
8028
728
7315
8005
3354
8247
5788
6475
2084
6039
6826
1521
6744
9669
6525
2536
1605
1164
6453
5583
8210
6571
7800
6948
676
4216
5675
6182
853
4801
9951
5397
7870
6735
4840
4414
9407
260
2281
7445
8193
2891
1463
2974
2680
2592
8116
2982
1210
2370
8961
7079
1478